115,2022,7,1645,-56.429,-.00002,1.7453,1.9731
115,2022,7,1700,-54.036,-.00002,1.7777,1.9972
115,2022,7,1715,-52.185,-.00002,1.8003,1.9999
115,2022,7,1730,-52.135,-.00002,1.8029,2.0012
115,2022,7,1745,-52.044,-.00002,1.8041,2.0058
115,2022,7,1800,-50.951,-.00002,1.8062,2.0479
115,2022,7,1815,-50.936,-.00002,1.819,2.0612
115,2022,7,1830,-51.031,-.00003,1.8317,2.0691
115,2022,7,1845,-51.5,-.00002,1.8502,2.0871
115,2022,7,1900,-52.14,-.00003,1.8799,2.1109
115,2022,7,1915,-52.66,-.00002,1.9011,2.1337
115,2022,7,1930,-53.307,-.00003,1.9304,2.1593
115,2022,7,1945,-53.592,-.00003,1.9502,2.1802
115,2022,7,2000,-54.1,-.00002,1.9586,2.1886
115,2022,7,2015,-54.285,-.00002,1.9653,2.1917
115,2022,7,2030,-54.379,-.00002,1.9761,2.2016
115,2022,7,2045,-54.521,-.00003,1.9841,2.2081
115,2022,7,2100,-54.744,-.00003,1.9894,2.2127
115,2022,7,2115,-54.762,-.00002,1.9985,2.2216
115,2022,7,2130,-54.871,-.00003,2.0106,2.2304
115,2022,7,2145,-54.986,-.00002,2.0187,2.2381
115,2022,7,2200,-55.033,-.00002,2.0204,2.2392
115,2022,7,2215,-55.097,-.00002,2.0252,2.2432
115,2022,7,2230,-55.151,-.00002,2.029,2.2472
115,2022,7,2245,-55.266,-.00002,2.034,2.2513
115,2022,7,2300,-55.339,-.00002,2.0407,2.2566
115,2022,7,2315,-55.433,-.00003,2.0488,2.2614
115,2022,7,2330,-55.46,-.00003,2.06,2.2682
115,2022,7,2345,-55.524,-.00002,2.07,2.2753
115,2022,7,2400,-55.696,-.00001,2.0747,2.2807
411,2022,7,2910,75,13.67,1522,13.21,1556,-4.767,1642,-12.42,0,-58.118,-.00002,4.2679,.53769
115,2022,8,15,-56.05,-.00001,2.0795,2.2843
115,2022,8,30,-56.116,-.00002,2.0812,2.2849
115,2022,8,45,-56.095,-.00002,2.0821,2.2855
115,2022,8,100,-56.131,-.00002,2.0832,2.2862
115,2022,8,115,-56.179,-.00001,2.0866,2.289
115,2022,8,130,-56.225,-.00002,2.092,2.2941
115,2022,8,145,-56.278,-.00002,2.0943,2.2963
115,2022,8,200,-56.312,-.00001,2.0981,2.299
115,2022,8,215,-56.439,-.00002,2.1058,2.3023
115,2022,8,230,-56.568,-.00002,2.1104,2.3065
115,2022,8,245,-56.661,-.00002,2.115,2.3111
115,2022,8,300,-56.774,-.00002,2.1209,2.3176
115,2022,8,315,-56.92,-.00001,2.1274,2.3236
115,2022,8,330,-57.001,-.00001,2.1313,2.3281
115,2022,8,345,-57.033,-.00002,2.1332,2.3312
115,2022,8,400,-57.129,-.00002,2.1374,2.335
115,2022,8,415,-57.426,-.00001,2.1507,2.3474
115,2022,8,430,-57.756,-.00002,2.1609,2.3577
115,2022,8,445,-57.846,-.00002,2.1647,2.3607
115,2022,8,500,-57.906,-.00002,2.1669,2.3622
115,2022,8,515,-57.974,-.00002,2.169,2.3651
115,2022,8,530,-58.126,-.00002,2.1741,2.371
115,2022,8,545,-58.318,-.00001,2.1874,2.3825
115,2022,8,600,-58.58,-.00001,2.1974,2.3925
115,2022,8,615,-58.773,-.00002,2.2075,2.3999
115,2022,8,630,-58.999,-.00002,2.2211,2.4079
115,2022,8,645,-59.185,-.00001,2.2311,2.4132
115,2022,8,700,-59.341,-.00002,2.2408,2.4208
115,2022,8,715,-59.487,-.00002,2.2486,2.4253
115,2022,8,730,-59.601,-.00002,2.2536,2.429
115,2022,8,745,-59.648,-.00003,2.256,2.4309
115,2022,8,800,-59.704,-.00002,2.2575,2.4331
115,2022,8,815,-59.729,-.00002,2.2584,2.4332
115,2022,8,830,-59.735,-.00001,2.2596,2.4351
115,2022,8,845,-59.761,-.00002,2.2616,2.436
115,2022,8,900,-59.794,-.00002,2.2635,2.4366
115,2022,8,915,-59.803,-.00001,2.265,2.4375
115,2022,8,930,-59.865,-.00001,2.2676,2.4423
115,2022,8,945,-59.868,-.00001,2.2694,2.4428
115,2022,8,1000,-59.879,-.00001,2.2707,2.4436
115,2022,8,1015,-59.923,-.00001,2.2719,2.4452
115,2022,8,1030,-59.914,-.00002,2.2755,2.4505
115,2022,8,1045,-59.703,-.00001,2.2778,2.4497
115,2022,8,1100,-59.724,-.00001,2.2794,2.4507
115,2022,8,1115,-59.759,-.00001,2.2804,2.4509
115,2022,8,1130,-59.809,-.00002,2.2821,2.4514
115,2022,8,1145,-59.847,-.00001,2.2843,2.4534
115,2022,8,1200,-59.886,-.00001,2.2862,2.4547
115,2022,8,1215,-59.965,-.00001,2.289,2.4559
115,2022,8,1230,-60.033,-.00001,2.2924,2.4593
115,2022,8,1245,-60.041,-.00001,2.2953,2.4612
115,2022,8,1300,-60.076,-.00002,2.2973,2.4607
115,2022,8,1315,-60.084,-.00001,2.2991,2.4657
115,2022,8,1330,-60.097,-.00001,2.3001,2.4667
115,2022,8,1345,-60.056,-.00001,2.3016,2.4671
115,2022,8,1400,-60.092,-.00001,2.3028,2.4694
115,2022,8,1415,-60.089,-.00002,2.3046,2.4711
115,2022,8,1430,-59.904,-.00001,2.3065,2.4744
115,2022,8,1445,-59.765,-.00002,2.3372,2.4806
115,2022,8,1500,-58.624,-.00001,2.3688,2.5082
115,2022,8,1515,-57.34,-.00001,2.3801,2.5807
115,2022,8,1530,-57.224,-.00001,2.3816,2.5869
115,2022,8,1545,-57.174,-.00001,2.3811,2.5855
115,2022,8,1600,-57.145,-.00001,2.3811,2.5835
115,2022,8,1615,-57.146,-.00001,2.381,2.5829
115,2022,8,1630,-57.037,-.00001,2.3814,2.5847
115,2022,8,1645,-56.568,-.00001,2.3829,2.5871
115,2022,8,1700,-56.542,-.00001,2.3905,2.5989
115,2022,8,1715,-55.34,-.00002,2.4299,2.6233
115,2022,8,1730,-54.634,-.00001,2.4396,2.6254
115,2022,8,1745,-53.585,-.00001,2.4546,2.6687
115,2022,8,1800,-49.736,-.00002,2.4824,2.7243
115,2022,8,1815,-49.372,-.00001,2.4803,2.7186
115,2022,8,1830,-49.276,-.00001,2.4816,2.7229
115,2022,8,1845,-49.12,-.00001,2.4842,2.7261
115,2022,8,1900,-48.874,-.00001,2.5777,2.7264
115,2022,8,1915,-44.429,-.00002,2.626,2.7377
115,2022,8,1930,-41.913,-.00001,2.6383,2.7421
115,2022,8,1945,-40.384,0,2.6588,2.7715
115,2022,8,2000,-39.02,-.00001,2.6946,2.7861
115,2022,8,2015,-38.88,-.00001,2.7034,2.8379
115,2022,8,2030,-38.451,-.00002,2.7051,2.9046
115,2022,8,2045,-38.214,-.00001,2.7117,2.9099
115,2022,8,2100,-38.154,-.00001,2.7125,2.9228
115,2022,8,2115,-37.92,-.00001,2.7138,2.9248
115,2022,8,2130,-37.848,-.00001,2.7157,2.9227
115,2022,8,2145,-37.735,-.00001,2.7167,2.9287
115,2022,8,2200,-37.548,-.00001,2.7228,2.9232
115,2022,8,2215,-37.447,-.00001,2.726,2.9328
115,2022,8,2230,-37.366,-.00001,2.7259,2.9241
115,2022,8,2245,-37.346,-.00001,2.7263,2.9268
115,2022,8,2300,-37.367,-.00001,2.7374,2.9274
115,2022,8,2315,-37.183,-.00001,2.7378,2.9307
115,2022,8,2330,-36.999,-.00001,2.7397,2.9301
115,2022,8,2345,-36.863,-.00001,2.7466,2.9485
115,2022,8,2400,-36.808,-.00002,2.7486,2.9438
411,2022,8,2910,75,13.63,218,13.15,1200,-8.12,0,-13.35,1931,-53.671,-.00001,2.3553,2.5409
115,2022,9,15,-36.805,-.00001,2.7495,2.9398
115,2022,9,30,-36.766,0,2.7493,2.9563
115,2022,9,45,-36.379,-.00001,2.7546,2.9751
115,2022,9,100,-36.332,-.00001,2.7588,2.9758
115,2022,9,115,-36.244,-.00001,2.7733,2.9899
115,2022,9,130,-35.776,-.00001,2.7835,3
115,2022,9,145,-35.204,-.00001,2.7935,3.0093
115,2022,9,200,-35.017,-.00001,2.7975,3.0275
115,2022,9,215,-33.421,-.00001,2.8066,3.0312
115,2022,9,230,-33.677,-.00001,2.8197,3.0442
115,2022,9,245,-32.915,-.00002,2.8396,3.0265
115,2022,9,300,-32.606,-.00003,2.8521,3.0395
115,2022,9,315,-32.236,-.00002,2.8571,3.0446
115,2022,9,330,-32.561,-.00002,2.8573,3.043
115,2022,9,345,-32.653,-.00003,2.8644,3.0462
115,2022,9,400,-32.806,-.00001,2.8619,3.0319
115,2022,9,415,-32.789,-.00002,2.8613,3.0373
115,2022,9,430,-32.753,-.00001,2.8617,3.0338
115,2022,9,445,-32.831,-.00002,2.8619,3.0337
115,2022,9,500,-32.794,-.00001,2.8618,3.0313
115,2022,9,515,-32.53,-.00002,2.8656,3.0346
115,2022,9,530,-32.731,-.00002,2.8641,3.0304
115,2022,9,545,-32.693,-.00001,2.8665,3.0336
115,2022,9,600,-32.66,-.00001,2.8644,3.0353
115,2022,9,615,-32.712,-.00002,2.8635,3.0307
115,2022,9,630,-32.581,-.00001,2.8638,3.0287
115,2022,9,645,-32.633,-.00002,2.8643,3.0295
115,2022,9,700,-32.624,-.00002,2.8638,3.0272
115,2022,9,715,-32.658,-.00002,2.8632,3.0265
115,2022,9,730,-32.642,-.00002,2.863,3.0266
115,2022,9,745,-32.65,-.00001,2.8628,3.0246
115,2022,9,800,-32.647,-.00002,2.8629,3.0244
115,2022,9,815,-32.548,-.00002,2.863,3.0255
115,2022,9,830,-32.508,-.00002,2.864,3.0242
115,2022,9,845,-32.574,-.00002,2.8639,3.0241
115,2022,9,900,-32.447,-.00001,2.8636,3.0244
115,2022,9,915,-32.62,-.00001,2.8651,3.024
115,2022,9,930,-32.599,-.00002,2.8629,3.0251
115,2022,9,945,-32.469,-.00001,2.863,3.0253
115,2022,9,1000,-32.458,-.00002,2.8652,3.0259
115,2022,9,1015,-32.481,-.00002,2.8642,3.0256
115,2022,9,1030,-32.496,-.00002,2.8649,3.025
115,2022,9,1045,-32.328,-.00002,2.8647,3.0259
115,2022,9,1100,-32.342,-.00001,2.8667,3.0268
115,2022,9,1115,-32.152,-.00002,2.8655,3.0273
115,2022,9,1130,-32.249,-.00003,2.8661,3.0261
115,2022,9,1145,-32.018,-.00003,2.8671,3.0279
115,2022,9,1200,-32.143,-.00002,2.8684,3.0329
115,2022,9,1215,-31.894,-.00002,2.8684,3.0304
115,2022,9,1230,-31.769,-.00001,2.8702,3.029
115,2022,9,1245,-31.092,0,2.8746,3.0371
115,2022,9,1300,-31.34,-.00001,2.8759,3.0306
115,2022,9,1315,-31.01,-.00001,2.8814,3.0436
115,2022,9,1330,-31.786,-.00002,2.8811,3.0432
115,2022,9,1345,-30.789,-.00001,2.8891,3.0445
115,2022,9,1400,-31.667,-.00002,2.8914,3.0548
115,2022,9,1415,-30.92,-.00002,2.8906,3.0569
115,2022,9,1430,-30.908,-.00002,2.8952,3.0614
115,2022,9,1445,-31.377,-.00003,2.8986,3.0687
115,2022,9,1500,-30.312,-.00002,2.9025,3.0709
115,2022,9,1515,-30.783,-.00003,2.9046,3.0684
115,2022,9,1530,-31.807,-.00002,2.9065,3.062
115,2022,9,1545,-31.889,-.00003,2.9065,3.0598
115,2022,9,1600,-31.785,-.00002,2.9063,3.0664
115,2022,9,1615,-31.827,-.00002,2.9048,3.0578
115,2022,9,1630,-31.793,-.00002,2.9033,3.0557
115,2022,9,1645,-31.821,-.00003,2.9024,3.0539
115,2022,9,1700,-31.814,-.00003,2.9024,3.0518
115,2022,9,1715,-31.74,-.00002,2.9022,3.0519
115,2022,9,1730,-31.784,-.00002,2.8999,3.0483
115,2022,9,1745,-31.724,-.00002,2.8995,3.0491
115,2022,9,1800,-31.727,-.00002,2.9005,3.0467
115,2022,9,1815,-31.708,-.00002,2.8999,3.0474
115,2022,9,1830,-31.686,-.00003,2.8994,3.0483
115,2022,9,1845,-31.666,-.00002,2.8998,3.048
115,2022,9,1900,-31.724,-.00002,2.8997,3.0468
115,2022,9,1915,-31.666,-.00003,2.8997,3.045
115,2022,9,1930,-31.739,-.00002,2.8991,3.0462
115,2022,9,1945,-31.583,-.00002,2.9026,3.0487
115,2022,9,2000,-31.371,-2.3878,2.904,3.0557
115,2022,9,2015,-31.751,-12.828,2.9021,3.0484
115,2022,9,2030,-31.555,-12.84,2.9049,3.0471
115,2022,9,2045,-31.933,-12.834,2.9038,3.0517
115,2022,9,2100,-31.255,-12.814,2.9049,3.0517
115,2022,9,2115,-31.337,-12.807,2.9044,3.0489
115,2022,9,2130,-31.525,-12.802,2.9049,3.0549
115,2022,9,2145,-31.341,-12.805,2.9048,3.0495
115,2022,9,2200,-31.791,-12.791,2.9031,3.0509
115,2022,9,2215,-31.489,-12.804,2.9017,3.0524
115,2022,9,2230,-31.77,-12.775,2.9032,3.0529
115,2022,9,2245,-31.766,-12.744,2.9002,3.0398
115,2022,9,2300,-31.779,-12.751,2.8992,3.0408
115,2022,9,2315,-31.543,-12.735,2.8982,3.0379
115,2022,9,2330,-31.683,-12.739,2.8977,3.0393
115,2022,9,2345,-31.69,-12.753,2.8967,3.0339
115,2022,9,2400,-31.671,-12.767,2.8964,3.0276
411,2022,9,2910,75,13.67,1645,13.15,29,-3.867,2355,-12.39,0,-32.366,-2.156,2.8715,3.0359
115,2022,10,15,-31.691,-12.783,2.8958,3.0264
115,2022,10,30,-31.659,-12.773,2.8963,3.0247
115,2022,10,45,-31.678,-12.77,2.8955,3.0253
115,2022,10,100,-31.672,-12.757,2.896,3.0228
115,2022,10,115,-31.654,-12.772,2.8951,3.0236
115,2022,10,130,-31.624,-12.785,2.8943,3.0201
115,2022,10,145,-31.647,-12.803,2.8927,3.0195
115,2022,10,200,-31.663,-12.821,2.8932,3.0191
115,2022,10,215,-31.626,-12.806,2.8913,3.0158
115,2022,10,230,-31.66,-12.8,2.8903,3.0122
115,2022,10,245,-31.626,-12.787,2.8906,3.0134
115,2022,10,300,-31.653,-12.764,2.8896,3.0121
115,2022,10,315,-31.628,-12.779,2.8894,3.0089
115,2022,10,330,-31.603,-12.779,2.8892,3.0069
115,2022,10,345,-31.571,-12.791,2.8876,3.0059
115,2022,10,400,-31.563,-12.809,2.8872,3.0043
115,2022,10,415,-31.589,-12.825,2.8868,3.0039
115,2022,10,430,-31.631,-12.821,2.8867,3.002
115,2022,10,445,-31.536,-12.818,2.887,3.0011
115,2022,10,500,-31.663,-12.821,2.888,3.0022
115,2022,10,515,-31.584,-12.833,2.8862,3.0017
115,2022,10,530,-31.652,-12.839,2.8875,2.9991
115,2022,10,545,-31.583,-12.857,2.884,2.996
115,2022,10,600,-31.56,-12.864,2.8834,2.9955
115,2022,10,615,-31.622,-12.872,2.8832,2.9929
115,2022,10,630,-31.583,-12.86,2.8837,2.9952
115,2022,10,645,-31.41,-12.84,2.8823,2.9998
115,2022,10,700,-31.664,-12.837,2.8833,2.9909
115,2022,10,715,-31.556,-12.831,2.8803,2.9874
115,2022,10,730,-31.591,-12.832,2.8796,2.9891
115,2022,10,745,-31.594,-12.836,2.8785,2.9793
115,2022,10,800,-31.47,-12.842,2.8768,2.9763
115,2022,10,815,-31.436,-12.85,2.8757,2.9752
115,2022,10,830,-31.545,-12.841,2.8755,2.9747
115,2022,10,845,-31.449,-12.865,2.8759,2.9742
115,2022,10,900,-31.479,-12.913,2.8759,2.973
115,2022,10,915,-31.69,-12.93,2.8749,2.9712
115,2022,10,930,-31.63,-12.942,2.8751,2.9714
115,2022,10,945,-31.431,-12.965,2.8748,2.9707
115,2022,10,1000,-31.442,-12.984,2.8745,2.9698
115,2022,10,1015,-31.411,-12.982,2.8741,2.9691
115,2022,10,1030,-31.429,-12.981,2.8743,2.9692
115,2022,10,1045,-31.421,-12.983,2.8745,2.9691
115,2022,10,1100,-31.407,-12.985,2.8744,2.9685
115,2022,10,1115,-31.416,-12.977,2.8741,2.9677
115,2022,10,1130,-31.437,-12.993,2.8738,2.9676
115,2022,10,1145,-31.458,-12.993,2.8744,2.9678
115,2022,10,1200,-31.498,-13.011,2.8746,2.968
115,2022,10,1215,-31.493,-12.997,2.8742,2.9682
115,2022,10,1230,-31.493,-2.0512,2.8757,2.9675
115,2022,10,1245,-31.543,-1.3702,2.8738,2.9663
115,2022,10,1300,-31.57,-1.1613,2.8736,2.9665
115,2022,10,1315,-31.534,-1.102,2.8729,2.9663
115,2022,10,1330,-31.516,-1.1154,2.8731,2.9668
115,2022,10,1345,-31.527,-1.0548,2.872,2.9646
115,2022,10,1400,-31.51,-1.0305,2.8716,2.9635
115,2022,10,1415,-31.53,-.96935,2.8711,2.9619
115,2022,10,1430,-31.486,-.91474,2.87,2.9621
115,2022,10,1445,-31.468,-.85474,2.8689,2.9621
115,2022,10,1500,-31.467,-.83616,2.8692,2.9603
115,2022,10,1515,-31.537,-.82443,2.8691,2.9601
115,2022,10,1530,-31.536,-.7816,2.8674,2.9579
115,2022,10,1545,-31.542,-.76322,2.8674,2.9582
115,2022,10,1600,-31.542,-.76966,2.8665,2.9544
115,2022,10,1615,-31.491,-.74695,2.8655,2.954
115,2022,10,1630,-31.444,-.74429,2.8658,2.9535
115,2022,10,1645,-31.482,-.72675,2.8668,2.9549
115,2022,10,1700,-31.519,-.73726,2.8663,2.9524
115,2022,10,1715,-31.503,-.74348,2.8653,2.9537
115,2022,10,1730,-31.507,-.73925,2.8664,2.9523
115,2022,10,1745,-31.461,-.74398,2.8648,2.9475
115,2022,10,1800,-31.525,-.742,2.8664,2.9507
115,2022,10,1815,-31.328,-.72554,2.8699,2.9563
115,2022,10,1830,-31.467,-.72286,2.8675,2.9494
115,2022,10,1845,-31.077,-.57427,2.8703,2.9524
115,2022,10,1900,-31.509,.01291,2.8714,2.9546
115,2022,10,1915,-31.59,.01137,2.8684,2.951
115,2022,10,1930,-30.961,.00101,2.8717,2.957
115,2022,10,1945,-30.872,.0199,2.8819,2.9622
115,2022,10,2000,-30.744,.02395,2.877,2.9561
115,2022,10,2015,-31.405,.02286,2.8752,2.9577
115,2022,10,2030,-31.586,.02676,2.8745,2.9579
115,2022,10,2045,-31.006,.03262,2.8768,2.9625
115,2022,10,2100,-30.789,.02459,2.8755,2.9504
115,2022,10,2115,-31.633,.0253,2.8785,2.9492
115,2022,10,2130,-31.485,.02154,2.8749,2.9452
115,2022,10,2145,-31.531,.02387,2.8731,2.9468
115,2022,10,2200,-31.474,.02109,2.8741,2.9461
115,2022,10,2215,-31.533,.02083,2.8735,2.9448
115,2022,10,2230,-31.492,.01802,2.8735,2.9447
115,2022,10,2245,-31.499,.01948,2.8727,2.9461
115,2022,10,2300,-31.528,.02091,2.8722,2.9429
115,2022,10,2315,-31.553,.02443,2.8761,2.9484
115,2022,10,2330,-31.384,.03277,2.8799,2.9534
115,2022,10,2345,-31.398,.04012,2.8773,2.9505
115,2022,10,2400,-31.445,.04508,2.8742,2.9463
411,2022,10,2910,75,13.67,38,13.22,1039,-3.846,9,-7.06,1151,-31.496,-6.8048,2.8776,2.9746
115,2022,11,15,-31.397,.03907,2.876,2.9482
115,2022,11,30,-31.141,.03892,2.8752,2.9461
115,2022,11,45,-31.392,.04068,2.876,2.9507
115,2022,11,100,-31.409,.03524,2.8765,2.9444
115,2022,11,115,-31.396,.0328,2.8717,2.935
115,2022,11,130,-31.548,.03145,2.8726,2.9373
115,2022,11,145,-31.384,.03209,2.8744,2.9416
115,2022,11,200,-31.491,.03307,2.8727,2.9362
115,2022,11,215,-31.361,.02421,2.8725,2.9344
115,2022,11,230,-31.458,-.00995,2.8718,2.9331
115,2022,11,245,-31.476,-.01873,2.8721,2.9332
115,2022,11,300,-31.474,-.02578,2.8716,2.9331
115,2022,11,315,-31.506,-.02368,2.8715,2.9321
115,2022,11,330,-31.44,-.02541,2.8745,2.9395
115,2022,11,345,-31.567,-.01441,2.8726,2.9349
115,2022,11,400,-31.527,.01565,2.8732,2.9391
115,2022,11,415,-31.472,.01952,2.8716,2.9287
115,2022,11,430,-31.504,.01914,2.8722,2.9357
115,2022,11,445,-31.449,.01899,2.8704,2.9257
115,2022,11,500,-31.46,.01689,2.8693,2.9262
115,2022,11,515,-31.427,.01434,2.8692,2.9258
115,2022,11,530,-31.438,.01194,2.8687,2.9251
115,2022,11,545,-31.452,.00758,2.8692,2.9259
115,2022,11,600,-31.417,.00495,2.8688,2.922
115,2022,11,615,-31.397,.00634,2.8687,2.9233
115,2022,11,630,-31.398,.0051,2.8686,2.9215
115,2022,11,645,-31.408,.00619,2.868,2.9216
115,2022,11,700,-31.401,.00713,2.8684,2.9217
115,2022,11,715,-31.399,.00799,2.8712,2.9241
115,2022,11,730,-31.426,.00912,2.8735,2.926
115,2022,11,745,-31.433,.01032,2.8751,2.9279
115,2022,11,800,-31.467,.01028,2.8773,2.93
115,2022,11,815,-31.438,.01062,2.8782,2.9289
115,2022,11,830,-31.489,.01516,2.8805,2.9305
115,2022,11,845,-31.593,.01111,2.8859,2.9345
115,2022,11,900,-31.704,.00593,2.893,2.9369
115,2022,11,915,-31.777,.01321,2.8975,2.9427
115,2022,11,930,-31.865,.01445,2.8999,2.9449
115,2022,11,945,-31.905,.01603,2.904,2.9455
115,2022,11,1000,-32.003,.01546,2.9089,2.9494
115,2022,11,1015,-32.195,.01715,2.9166,2.957
115,2022,11,1030,-32.461,.02301,2.931,2.9643
115,2022,11,1045,-32.769,.02481,2.9493,2.9752
115,2022,11,1100,-32.938,.02372,2.9604,2.9829
115,2022,11,1115,-33.019,.01719,2.9659,2.986
115,2022,11,1130,-33.028,.02173,2.968,2.9887
115,2022,11,1145,-33.079,.02008,2.9691,2.9896
115,2022,11,1200,-33.089,.01696,2.9713,2.9901
115,2022,11,1215,-33.132,-.00518,2.9716,2.9911
115,2022,11,1230,-33.059,-.00248,2.9719,2.9926
115,2022,11,1245,-32.957,-.00878,2.9731,2.9919
115,2022,11,1300,-32.864,-.00826,2.9736,2.9925
115,2022,11,1315,-32.776,-.00747,2.9732,2.9926
115,2022,11,1330,-32.651,-.00079,2.9749,2.996
115,2022,11,1345,-32.513,.00991,2.9743,2.9926
115,2022,11,1400,-32.422,.02199,2.9763,2.9934
115,2022,11,1415,-32.267,.00034,2.9768,2.9932
115,2022,11,1430,-32.315,-.01351,2.9763,2.9917
115,2022,11,1445,-32.252,-.06418,2.977,2.9925
115,2022,11,1500,-31.986,-.09551,2.977,2.9925
115,2022,11,1515,-31.956,-.051,2.9801,2.9944
115,2022,11,1530,-31.704,-.07438,2.9867,3.0046
115,2022,11,1545,-31.619,-.15792,2.987,2.9947
115,2022,11,1600,-31.717,-.41849,2.9889,2.9829
115,2022,11,1615,-31.512,-.51478,2.9882,2.9859
115,2022,11,1630,-31.773,-.51042,2.9888,2.9859
115,2022,11,1645,-31.551,-.48346,2.9892,2.9885
115,2022,11,1700,-31.669,-.49023,2.9904,2.9886
115,2022,11,1715,-31.501,-.54686,2.9932,2.9894
115,2022,11,1730,-31.493,-1.855,2.9942,2.9892
115,2022,11,1745,-31.298,2.9941,2.9978,2.9935
115,2022,11,1800,-31.476,2.996,2.9996,2.9941
115,2022,11,1815,-31.497,2.9974,3.0015,2.9964
115,2022,11,1830,-31.111,2.9983,3.0051,3.002
115,2022,11,1845,-31.354,2.9992,3.0064,2.9973
115,2022,11,1900,-31.19,2.9989,3.0152,3.0044
115,2022,11,1915,-31.129,3.0024,3.0154,3.0074
115,2022,11,1930,-30.899,3.0055,3.0227,3.0081
115,2022,11,1945,-31.219,3.0044,3.0261,3.0121
115,2022,11,2000,-31.174,3.0069,3.033,3.0143
115,2022,11,2015,-31.02,3.0114,3.0376,3.0162
115,2022,11,2030,-30.506,3.0101,3.045,3.0232
115,2022,11,2045,-31.059,3.0099,3.047,3.0167
115,2022,11,2100,-30.636,3.0073,3.0482,3.0151
115,2022,11,2115,-30.939,3.0093,3.0509,3.0184
115,2022,11,2130,-31.02,3.0097,3.052,3.0131
115,2022,11,2145,-31.18,3.0096,3.0561,3.0166
115,2022,11,2200,-31.173,3.0094,3.0566,3.0108
115,2022,11,2215,-30.867,3.0087,3.0558,3.0136
115,2022,11,2230,-31.352,3.008,3.0565,3.0064
115,2022,11,2245,-31.328,3.0092,3.0561,3.0035
115,2022,11,2300,-31.447,3.0107,3.0529,2.9992
115,2022,11,2315,-31.457,3.0113,3.0538,3.0012
115,2022,11,2330,-31.431,3.0116,3.0538,2.9999
115,2022,11,2345,-31.427,3.011,3.0544,2.9987
115,2022,11,2400,-31.432,3.0114,3.0533,3.0008
411,2022,11,2910,75,13.68,1458,13.15,1401,-2.72,1537,-4.582,0,-31.673,.76597,2.9502,2.9706
115,2022,12,15,-31.432,3.0103,3.0532,2.9993
115,2022,12,30,-31.441,3.011,3.0526,2.9977
115,2022,12,45,-31.435,3.0107,3.052,2.9982
115,2022,12,100,-31.454,3.011,3.0519,2.9964
115,2022,12,115,-31.453,3.0107,3.0524,2.9965
115,2022,12,130,-31.451,3.0104,3.0516,2.9969
115,2022,12,145,-31.477,3.0119,3.0522,2.9985
115,2022,12,200,-31.453,3.0128,3.0525,2.9964
115,2022,12,215,-31.445,3.0116,3.0533,2.998
115,2022,12,230,-31.483,3.013,3.0544,2.9965
115,2022,12,245,-31.474,3.0129,3.0534,2.9966
115,2022,12,300,-31.476,3.0131,3.0539,2.997
115,2022,12,315,-31.455,3.0127,3.0528,2.9947
115,2022,12,330,-31.501,3.0121,3.0526,2.9936
115,2022,12,345,-31.492,3.0118,3.0523,2.9976
115,2022,12,400,-31.503,3.0117,3.0533,2.9946
115,2022,12,415,-31.39,3.0114,3.0551,2.9962
115,2022,12,430,-31.511,3.0092,3.0562,2.9988
115,2022,12,445,-31.457,3.013,3.0549,2.9992
115,2022,12,500,-31.533,3.0136,3.0562,2.994
115,2022,12,515,-31.475,3.014,3.0573,2.9983
115,2022,12,530,-31.5,3.0146,3.0596,2.9945
115,2022,12,545,-31.478,3.0147,3.0575,2.9932
115,2022,12,600,-31.471,3.0146,3.0585,2.9945
115,2022,12,615,-31.477,3.0146,3.0587,2.995
115,2022,12,630,-31.506,3.0147,3.0582,2.9938
115,2022,12,645,-31.462,3.0133,3.0601,2.9978
115,2022,12,700,-31.477,3.0148,3.0638,2.9999
115,2022,12,715,-31.34,3.013,3.0642,3.0021
115,2022,12,730,-31.184,3.0115,3.0643,3.0035
115,2022,12,745,-31.261,3.01,3.0676,3.0114
115,2022,12,800,-31.347,3.0092,3.065,2.9991
115,2022,12,815,-31.19,3.0119,3.0635,2.9978
115,2022,12,830,-31.197,3.0118,3.0642,2.9984
115,2022,12,845,-31.45,3.0118,3.0592,2.9912
115,2022,12,900,-31.462,3.0115,3.0572,2.9877
115,2022,12,915,-31.342,3.0108,3.0599,2.9911
115,2022,12,930,-31.598,3.0073,3.0619,2.991
115,2022,12,945,-31.51,3.0098,3.0593,2.9918
115,2022,12,1000,-31.514,3.0104,3.0588,2.989
115,2022,12,1015,-31.445,3.0089,3.0574,2.9869
115,2022,12,1030,-31.463,3.0079,3.0571,2.9867
115,2022,12,1045,-31.495,3.0078,3.0558,2.9846
115,2022,12,1100,-31.49,3.0069,3.0562,2.9852
115,2022,12,1115,-31.457,3.0066,3.0538,2.9819
115,2022,12,1130,-31.471,3.0063,3.055,2.9829
115,2022,12,1145,-31.562,3.0048,3.0563,2.986
115,2022,12,1200,-31.479,3.0048,3.0535,2.9806
115,2022,12,1215,-31.438,3.0032,3.0523,2.9817
115,2022,12,1230,-31.486,3.0038,3.0525,2.9791
115,2022,12,1245,-31.523,3.0026,3.0527,2.9819
115,2022,12,1300,-31.482,3.0011,3.0516,2.9781
115,2022,12,1315,-31.445,3.0019,3.05,2.9763
115,2022,12,1330,-31.474,3.0012,3.0513,2.98
115,2022,12,1345,-31.445,3.0008,3.0505,2.9784
115,2022,12,1400,-31.481,3.0024,3.0519,2.9808
115,2022,12,1415,-31.499,3.002,3.0534,2.9809
115,2022,12,1430,-31.488,3.0013,3.0513,2.9766
115,2022,12,1445,-31.459,3.0015,3.0516,2.9752
115,2022,12,1500,-31.491,3.0022,3.0539,2.9776
115,2022,12,1515,-31.482,3.0051,3.055,2.9768
115,2022,12,1530,-31.507,3.0067,3.0566,2.9786
115,2022,12,1545,-31.536,3.009,3.0589,2.9806
115,2022,12,1600,-31.554,3.0122,3.0616,2.9817
115,2022,12,1615,-31.569,3.0133,3.0639,2.9834
115,2022,12,1630,-31.555,3.0138,3.0637,2.9831
115,2022,12,1645,-31.519,3.0131,3.0637,2.9831
115,2022,12,1700,-31.52,3.0134,3.0644,2.9832
115,2022,12,1715,-31.492,3.0136,3.0646,2.9824
115,2022,12,1730,-31.498,3.0147,3.0659,2.9831
115,2022,12,1745,-31.511,3.0158,3.0674,2.9838
115,2022,12,1800,-31.53,3.0164,3.0688,2.9847
115,2022,12,1815,-31.524,3.0169,3.0695,2.9849
115,2022,12,1830,-31.512,3.0178,3.0703,2.985
115,2022,12,1845,-31.508,3.0185,3.0711,2.9852
115,2022,12,1900,-31.506,3.0194,3.0718,2.986
115,2022,12,1915,-31.513,3.0198,3.0729,2.9871
115,2022,12,1930,-31.522,3.0207,3.0739,2.9868
115,2022,12,1945,-31.539,3.0219,3.0761,2.9884
115,2022,12,2000,-31.583,3.0235,3.0778,2.99
115,2022,12,2015,-31.656,3.0245,3.0824,2.9925
115,2022,12,2030,-31.726,3.0273,3.0861,2.9942
115,2022,12,2045,-31.767,3.0284,3.0877,2.9964
115,2022,12,2100,-31.823,3.0293,3.0895,2.997
115,2022,12,2115,-31.83,3.0296,3.0918,2.9989
115,2022,12,2130,-31.885,3.0309,3.0938,3.0007
115,2022,12,2145,-31.903,3.0326,3.095,3.0018
115,2022,12,2200,-31.929,3.0326,3.0965,3.001
115,2022,12,2215,-31.925,3.0328,3.0969,3.0022
115,2022,12,2230,-31.928,3.0335,3.0976,3.0024
115,2022,12,2245,-31.906,3.0339,3.0982,3.0033
115,2022,12,2300,-31.898,3.0344,3.0982,3.0028
115,2022,12,2315,-31.905,3.0341,3.0989,3.0036
115,2022,12,2330,-31.886,3.0342,3.099,3.0027
115,2022,12,2345,-31.829,3.0342,3.0995,3.0034
115,2022,12,2400,-31.77,3.034,3.0997,3.0025
411,2022,12,2910,75,13.69,1538,13.23,2221,-.146,1456,-3.431,45,-31.533,3.0143,3.0646,2.9913
115,2022,13,15,-31.722,3.033,3.0993,3.0028
115,2022,13,30,-31.67,3.0332,3.099,3.0025
115,2022,13,45,-31.661,3.0335,3.1007,3.0031
115,2022,13,100,-31.659,3.0336,3.1007,3.0042
115,2022,13,115,-31.623,3.0336,3.1005,3.0024
115,2022,13,130,-31.603,3.0332,3.0992,3.0005
115,2022,13,145,-31.587,3.0335,3.0991,3.0011
115,2022,13,200,-31.592,3.0337,3.0988,3.0001
115,2022,13,215,-31.606,3.0339,3.0991,3.0029
115,2022,13,230,-31.574,3.0338,3.0984,3.0017
115,2022,13,245,-31.552,3.0329,3.0994,3.0008
115,2022,13,300,-31.572,3.0329,3.1002,3.0005
115,2022,13,315,-31.544,3.0333,3.0994,2.9995
115,2022,13,330,-31.543,3.0332,3.1,3.002
115,2022,13,345,-31.504,3.0338,3.1,3.0031
115,2022,13,400,-31.503,3.0331,3.0998,3.0021
115,2022,13,415,-31.513,3.0321,3.0975,2.9981
115,2022,13,430,-31.521,3.0328,3.0976,2.9982
115,2022,13,445,-31.557,3.0329,3.1004,3.0017
115,2022,13,500,-31.522,3.0312,3.098,2.9981
115,2022,13,515,-31.4,3.0291,3.0987,3.0005
115,2022,13,530,-31.468,3.0307,3.0984,2.9971
115,2022,13,545,-31.526,3.0299,3.0985,2.9966
115,2022,13,600,-31.489,3.0311,3.0978,2.9947
115,2022,13,615,-31.483,3.0313,3.097,2.9939
115,2022,13,630,-31.479,3.0313,3.0958,2.9924
115,2022,13,645,-31.444,3.0309,3.0956,2.9918
115,2022,13,700,-31.517,3.0321,3.0968,2.9926
115,2022,13,715,-31.414,3.0288,3.097,2.9939
115,2022,13,730,-31.406,3.0271,3.0972,2.9921
115,2022,13,745,-31.324,3.0292,3.0951,2.9932
115,2022,13,800,-31.476,3.028,3.0952,2.9911
115,2022,13,815,-31.49,3.0267,3.0954,2.9902
115,2022,13,830,-31.515,3.0254,3.0945,2.9871
115,2022,13,845,-31.482,3.0253,3.0897,2.9834
115,2022,13,900,-31.441,3.0254,3.0899,2.9819
115,2022,13,915,-31.444,3.0252,3.0884,2.9812
115,2022,13,930,-31.467,3.0242,3.0883,2.9809
115,2022,13,945,-31.437,3.0243,3.0873,2.9793
115,2022,13,1000,-31.468,3.0246,3.0883,2.9805
115,2022,13,1015,-31.452,3.0231,3.0874,2.9791
115,2022,13,1030,-31.427,3.0228,3.0862,2.9767
115,2022,13,1045,-31.439,3.0227,3.0867,2.9777
115,2022,13,1100,-31.441,3.0214,3.0866,2.978
115,2022,13,1115,-31.437,3.0216,3.0865,2.9778
115,2022,13,1130,-31.493,3.0209,3.0862,2.9775
115,2022,13,1145,-31.571,3.0206,3.0858,2.9794
115,2022,13,1200,-31.493,3.0196,3.0839,2.9748
115,2022,13,1215,-31.47,3.0175,3.0868,2.9794
115,2022,13,1230,-31.394,3.0157,3.0848,2.9776
115,2022,13,1245,-31.384,3.0164,3.084,2.9776
115,2022,13,1300,-31.471,3.0152,3.0855,2.9791
115,2022,13,1315,-31.431,3.0127,3.0814,2.9712
115,2022,13,1330,-31.513,3.0124,3.0818,2.97
115,2022,13,1345,-31.426,3.0126,3.0783,2.967
115,2022,13,1400,-31.441,3.0117,3.0768,2.9628
115,2022,13,1415,-31.45,3.0109,3.0772,2.9661
115,2022,13,1430,-31.428,3.0102,3.0761,2.9642
115,2022,13,1445,-31.456,3.0092,3.0762,2.9651
115,2022,13,1500,-31.452,3.0082,3.0751,2.9624
115,2022,13,1515,-31.447,3.0076,3.0745,2.9606
115,2022,13,1530,-31.42,3.0072,3.074,2.9608
115,2022,13,1545,-31.41,3.0069,3.0724,2.9579
115,2022,13,1600,-31.417,3.0058,3.0715,2.9557
115,2022,13,1615,-31.41,3.0053,3.071,2.9547
115,2022,13,1630,-31.404,3.0051,3.0707,2.954
115,2022,13,1645,-31.407,3.0047,3.0704,2.9539
115,2022,13,1700,-31.392,3.0042,3.0697,2.9522
115,2022,13,1715,-31.387,3.004,3.0695,2.9519
115,2022,13,1730,-31.374,3.0037,3.0691,2.9514
115,2022,13,1745,-31.37,3.0034,3.0687,2.9508
115,2022,13,1800,-31.369,3.0031,3.0685,2.9506
115,2022,13,1815,-31.356,3.0028,3.0681,2.9498
115,2022,13,1830,-31.339,3.0026,3.0678,2.9493
115,2022,13,1845,-31.357,3.0024,3.0676,2.9492
115,2022,13,1900,-31.357,3.002,3.0671,2.9483
115,2022,13,1915,-31.362,3.0013,3.0675,2.9489
115,2022,13,1930,-31.351,3.0011,3.0668,2.9475
115,2022,13,1945,-31.351,3.001,3.0665,2.9475
115,2022,13,2000,-31.341,3.0007,3.066,2.9461
115,2022,13,2015,-31.324,3.0005,3.0655,2.9456
115,2022,13,2030,-31.325,3.0003,3.0656,2.9453
115,2022,13,2045,-31.311,3.0003,3.0654,2.9464
115,2022,13,2100,-31.325,3.0005,3.0656,2.9459
115,2022,13,2115,-31.317,3.0006,3.0654,2.9456
115,2022,13,2130,-31.321,3.0007,3.0657,2.9452
115,2022,13,2145,-31.317,3.0009,3.066,2.9447
115,2022,13,2200,-31.32,3.0011,3.0662,2.945
115,2022,13,2215,-31.35,3.0012,3.0661,2.9451
115,2022,13,2230,-31.325,3.0014,3.0662,2.9451
115,2022,13,2245,-31.328,3.0014,3.0662,2.9453
115,2022,13,2300,-31.329,3.0014,3.0662,2.9456
115,2022,13,2315,-31.329,3.0015,3.0662,2.946
115,2022,13,2330,-31.326,3.0018,3.0662,2.946
115,2022,13,2345,-31.327,3.0018,3.0661,2.9448
115,2022,13,2400,-31.33,3.0017,3.066,2.9447
411,2022,13,2910,75,13.7,1620,13.2,2311,.541,604,-4.329,2359,-31.445,3.0171,3.083,2.9735
115,2022,14,15,-31.354,3.0018,3.0659,2.9446
115,2022,14,30,-31.366,3.0018,3.0658,2.9444
115,2022,14,45,-31.35,3.0018,3.0657,2.9445
115,2022,14,100,-31.392,3.0018,3.0657,2.9445
115,2022,14,115,-31.431,3.0021,3.066,2.945
115,2022,14,130,-31.444,3.0025,3.066,2.9449
115,2022,14,145,-31.462,3.0027,3.0662,2.945
115,2022,14,200,-31.492,3.0029,3.0662,2.945
115,2022,14,215,-31.519,3.003,3.0663,2.945
115,2022,14,230,-31.524,3.0032,3.0666,2.9454
115,2022,14,245,-31.52,3.0035,3.0668,2.9458
115,2022,14,300,-31.516,3.0035,3.0667,2.9457
115,2022,14,315,-31.536,3.0034,3.0668,2.9458
115,2022,14,330,-31.544,3.0035,3.0671,2.9461
115,2022,14,345,-31.566,3.0034,3.0681,2.9467
115,2022,14,400,-31.578,3.0037,3.0681,2.9465
115,2022,14,415,-31.597,3.0039,3.0678,2.9468
115,2022,14,430,-31.615,3.0039,3.068,2.9468
115,2022,14,445,-31.634,3.0038,3.068,2.9466
115,2022,14,500,-31.659,3.0039,3.068,2.9471
115,2022,14,515,-31.7,3.0041,3.0686,2.9474
115,2022,14,530,-31.717,3.0044,3.0684,2.9474
115,2022,14,545,-31.738,3.0045,3.0686,2.9471
115,2022,14,600,-31.746,3.0049,3.0692,2.9475
115,2022,14,615,-31.762,3.0053,3.0692,2.9475
115,2022,14,630,-31.768,3.0054,3.0694,2.9478
115,2022,14,645,-31.767,3.0057,3.0697,2.9484
115,2022,14,700,-31.725,3.0059,3.0699,2.9481
115,2022,14,715,-31.714,3.0059,3.0701,2.9485
115,2022,14,730,-31.714,3.0064,3.0705,2.9484
115,2022,14,745,-31.674,3.0066,3.0702,2.9483
115,2022,14,800,-31.655,3.0067,3.0707,2.9485
115,2022,14,815,-31.651,3.0069,3.0707,2.9494
115,2022,14,830,-31.653,3.0071,3.0717,2.9495
115,2022,14,845,-31.66,3.0077,3.0718,2.9497
115,2022,14,900,-31.657,3.0079,3.0713,2.9494
115,2022,14,915,-31.666,3.0081,3.0725,2.9502
115,2022,14,930,-31.667,3.0084,3.0723,2.9501
115,2022,14,945,-31.678,3.0082,3.0728,2.9507
115,2022,14,1000,-31.677,3.0077,3.0733,2.9501
115,2022,14,1015,-31.687,3.0087,3.0734,2.9511
115,2022,14,1030,-31.702,3.0091,3.0733,2.9514
115,2022,14,1045,-31.67,3.0082,3.0736,2.9532
115,2022,14,1100,-31.644,3.0085,3.0733,2.9504
115,2022,14,1115,-31.606,3.0087,3.0738,2.952
115,2022,14,1130,-31.598,3.0085,3.0737,2.9513
115,2022,14,1145,-31.52,3.0076,3.0734,2.9513
115,2022,14,1200,-31.497,3.0064,3.0729,2.9511
115,2022,14,1215,-31.467,3.0064,3.0718,2.9498
115,2022,14,1230,-31.415,3.007,3.0716,2.9488
115,2022,14,1245,-31.423,3.0067,3.0727,2.9504
115,2022,14,1300,-31.424,3.0063,3.0723,2.9497
115,2022,14,1315,-31.409,3.0057,3.0724,2.9488
115,2022,14,1330,-31.393,3.0063,3.0725,2.9492
115,2022,14,1345,-31.399,3.006,3.0719,2.9505
115,2022,14,1400,-31.385,2.7621,3.0711,2.9438
115,2022,14,1415,-31.399,82.516,2.3935,1.8622
115,2022,14,1430,-31.362,439.86,1.8106,1.7472